05:24:3046  14.4,            25.9,          1660000.0,          0    ,           11.7,           30.9,            7.13,          568  ,            2.4,          1920 
05:24:3146  15.0,            25.7,          2320000.0,          0    ,           14.6,           34.7,            9.42,          440  ,          0    ,          1920 
05:24:3246  15.0,            26.2,          1350000.0,          0    ,           16.4,           33.9,            11.4,          306  ,          0    ,          1920 
05:24:3346  14.4,            25.4,          2330000.0,          0    ,           14.8,           34.1,            9.71,          424  ,          0    ,          1920 
05:24:3446  15.0,            26.5,          2140000.0,          0    ,           14.0,           33.8,            9.05,          438  ,          0    ,          1920 
05:24:3546  15.0,            26.5,          2060000.0,          0    ,           15.0,           33.8,            9.91,          430  ,          0    ,          1920 
05:24:3646  15.0,            26.5,          2220000.0,          0    ,           15.0,           33.6,            10.3,          398  ,          0    ,          1920 
05:24:3746  15.0,            26.7,          1689999.0,          0    ,           14.2,           34.8,            9.75,          340  ,          0    ,          1920 
05:24:3846  15.0,            25.5,          941000.0 ,          0    ,           18.9,           34.9,            13.1,          218  ,          0    ,          1920 
05:24:3946  15.0,            25.9,          902000.0 ,          0    ,           16.5,           34.0,            11.6,          155  ,          0    ,          1920 
05:24:4046  15.0,            25.7,          819999.0 ,          0    ,           17.1,           33.5,            11.8,          160  ,          0    ,          1920 
05:24:4146  15.0,            26.1,          756000.0 ,          0    ,           16.9,           35.5,            11.4,          140  ,          0    ,          1920 
05:24:4246  15.0,            25.4,          673000.0 ,          0    ,           17.9,           33.5,            12.5,          172  ,          0    ,          1920 
05:24:4346  15.0,            26.1,          1550000.0,          0    ,           16.2,           33.9,            10.8,          289  ,          0    ,          1920 
05:24:4446  15.0,            26.9,          2850000.0,          0    ,           12.1,           34.8,            7.19,          571  ,          0    ,          1920 
05:24:4546  15.0,            26.1,          1820000.0,          0    ,           6.28,           29.0,            1.37,          473  ,          0    ,          1920 
05:24:4646  15.0,            26.5,          2250000.0,          0    ,           6.58,           28.7,            1.37,          483  ,          0    ,          1920 
05:24:4746  15.0,            26.7,          2560000.0,          0    ,           7.49,           26.9,            2.03,          549  ,          0    ,          1920 
05:24:4846  15.0,            26.2,          1090000.0,          0    ,           8.64,           29.6,            2.94,          286  ,          0    ,          1920 
05:24:4946  15.0,            25.8,          1050000.0,          0    ,           8.74,           31.5,            2.96,          286  ,          0    ,          1920 
05:24:5046  15.0,            25.9,          965000.0 ,          0    ,           11.2,           28.8,            6.04,          217  ,          0    ,          1920 
05:24:5146  15.0,            25.5,          696000.0 ,          0    ,           9.51,           31.3,            4.53,          437  ,          0    ,          1920 
05:24:5246  15.0,            26.6,          1810000.0,          0    ,           7.79,           29.6,            2.19,          633  ,          0    ,          1920 
05:24:5346  15.0,            26.2,          1970000.0,          0    ,           8.01,           29.3,            2.86,          458  ,          0    ,          1920 
05:24:5446  15.0,            25.7,          1340000.0,          0    ,           9.30,           28.9,            3.66,          409  ,          0    ,          1920 
05:24:5546  15.0,            26.4,          1989999.0,          0    ,           7.28,           29.3,            1.96,          659  ,          0    ,          1920 
05:24:5646  15.0,            25.8,          1170000.0,          0    ,           8.20,           29.6,            2.49,          416  ,          0    ,          1920 
05:24:5746  15.0,            26.5,          2330000.0,          0    ,           7.03,           29.7,            1.31,          561  ,          0    ,          1920 
05:24:5846  15.0,            26.2,          1639999.0,          0    ,           7.50,           29.0,            1.82,          426  ,          0    ,          1920 
05:24:5946  15.0,            25.5,          504000.0 ,          0    ,           8.72,           29.8,            3.12,          154  ,          0    ,          1920 
05:25:0046  15.0,            25.8,          1080000.0,          0    ,           8.15,           29.8,            2.76,          279  ,          0    ,          1920 
05:25:0146  15.0,            25.9,          1120000.0,          0    ,           7.42,           29.3,            2.58,          235  ,          0    ,          1920 
05:25:0246  15.0,            25.4,          547000.0 ,          0    ,           8.38,           29.6,            2.83,          166  ,          0    ,          1920 
05:25:0346  15.0,            26.2,          1650000.0,          0    ,           7.10,           30.1,            1.84,          361  ,          0    ,          1920 
05:25:0446  15.0,            26.6,          2320000.0,          0    ,           6.24,           29.2,             0.0,          490  ,          0    ,          1920 
05:25:0546  15.0,            26.7,          2450000.0,          0    ,           6.27,           29.5,             0.0,          560  ,          0    ,          1920 
05:25:0646  15.0,            26.0,          827999.0 ,          0    ,           6.08,           30.0,             0.0,          213  ,          0    ,          1920 
05:25:0746  15.0,            26.4,          1950000.0,          0    ,           6.51,           29.2,            1.15,          460  ,          0    ,          1920 
05:25:0846  15.0,            26.7,          2550000.0,          0    ,           6.11,           29.3,             0.0,          565  ,          0    ,          1920 
05:25:0946  15.0,            26.4,          1980000.0,          0    ,           7.25,           29.6,            2.27,          386  ,          0    ,          1280 
05:25:1046  15.0,            26.3,          1989999.0,          0    ,           10.9,           31.8,            6.24,          444  ,          0    ,          1280 
05:25:1146  15.0,            26.1,          1800000.0,          0    ,           11.5,           33.6,            6.84,          393  ,          0    ,          1280 
05:25:1246  15.0,            26.0,          760000.0 ,          0    ,           11.6,           33.2,            6.35,          182  ,          0    ,          1280 
05:25:1346  15.0,            26.0,          940000.0 ,          0    ,           15.1,           34.5,            10.0,          160  ,          0    ,          1920 
05:25:1446  15.0,            25.6,          1090000.0,          0    ,           17.5,           33.1,            12.2,          247  ,          0    ,          1920 
05:25:1546  15.0,            27.0,          2130000.0,          0    ,           13.2,           33.5,            8.60,          362  ,          0    ,          1920 
05:25:1646  15.0,            26.5,          1490000.0,          0    ,           14.0,           33.2,            9.58,          287  ,          0    ,          1920 
05:25:1746  15.0,            26.8,          2740000.0,          0    ,           13.0,           33.0,            8.43,          497  ,          0    ,          1920 
05:25:1846  15.0,            26.9,          2450000.0,          0    ,           13.2,           33.6,            8.58,          448  ,          0    ,          1920 
05:25:1946  15.0,            25.7,          903999.0 ,          0    ,           18.1,           32.8,            12.6,          190  ,          0    ,          1920 
05:25:2046  15.0,            25.7,          661000.0 ,          0    ,           17.0,           33.1,            12.0,          138  ,          0    ,          1920 
05:25:2146  15.0,            25.4,          584000.0 ,          0    ,           16.9,           33.2,            11.6,          155  ,          0    ,          1920 
05:25:2246  15.0,            23.2,          238000.0 ,          0    ,           20.9,           34.1,            14.5,          166  ,          0    ,          1920 
05:25:2346  15.0,            26.4,          2000000.0,          0    ,           15.5,           32.7,            10.1,          406  ,          0    ,          1920 
05:25:2446  15.0,            26.6,          2530000.0,          0    ,           13.7,           32.7,            9.43,          476  ,          0    ,          1920 
05:25:2546  15.0,            25.7,          930000.0 ,          0    ,           17.1,           34.0,            11.4,          214  ,          0    ,          1920 
05:25:2646  15.0,            26.2,          1670000.0,          0    ,           15.0,           31.3,            10.2,          540  ,          0    ,          1920 
05:25:2746  15.0,            26.6,          1590000.0,          0    ,           16.3,           33.4,            10.9,          353  ,          0    ,          1920 
05:25:2846  15.0,            26.0,          1810000.0,          0    ,           16.0,           32.9,            10.6,          379  ,          0    ,          1920 
05:25:2946  15.0,            26.5,          1739999.0,          0    ,           16.5,           33.1,            11.4,          352  ,          0    ,          1280 
05:25:3046  15.0,            25.8,          1360000.0,          0    ,           17.4,           32.9,            11.7,          323  ,          0    ,          1280 
05:25:3146  15.0,            25.2,          685000.0 ,          0    ,           18.6,           33.8,            13.3,          252  ,          0    ,          1280 
05:25:3246  15.0,            26.6,          2470000.0,          0    ,           14.0,           33.0,            9.68,          513  ,          0    ,          1280 
05:25:3346  15.0,            25.6,          1100000.0,          0    ,           18.5,           34.1,            13.0,          387  ,          0    ,          1920 
05:25:3446  15.0,            25.2,          886000.0 ,          0    ,           18.2,           33.4,            12.4,          267  ,          0    ,          1920 
05:25:3546  15.0,            25.5,          844999.0 ,          0    ,           16.4,           32.6,            11.3,          205  ,          0    ,          1920 
05:25:3646  15.0,            25.4,          706000.0 ,          0    ,           18.4,           33.5,            13.0,          174  ,          0    ,          1920 
05:25:3746  15.0,            25.4,          537000.0 ,          0    ,           17.8,           33.9,            12.1,          126  ,          0    ,          1920 
05:25:3846  15.0,            25.6,          848000.0 ,          0    ,           18.6,           34.2,            12.9,          212  ,          0    ,          1920 
05:25:3946  15.0,            26.8,          2260000.0,          0    ,           13.4,           31.9,            9.52,          429  ,          0    ,          1920 
05:25:4046  15.0,            26.5,          2270000.0,          0    ,           14.7,           32.4,            9.97,          473  ,          0    ,          1920 
05:25:4146  15.0,            26.1,          1440000.0,          0    ,           16.1,           33.9,            11.3,          317  ,          0    ,          1920 
05:25:4246  15.0,            26.3,          1980000.0,          0    ,           14.7,           32.7,            10.0,          378  ,          0    ,          1920 
05:25:4346  15.0,            26.9,          2940000.0,          0    ,           13.0,           32.3,            8.73,          529  ,          0    ,          1920 
05:25:4446  15.0,            26.7,          1850000.0,          0    ,           13.8,           32.2,            9.26,          336  ,          0    ,          1920 
05:25:4546  15.0,            26.5,          2220000.0,          0    ,           14.0,           33.9,            9.38,          417  ,          0    ,          1280 
05:25:4646  15.0,            26.1,          1850000.0,          0    ,           15.3,           33.0,            10.4,          394  ,          0    ,          1280 
05:25:4746  15.0,            26.0,          1019999.0,          0    ,           15.7,           32.8,            11.0,          200  ,          0    ,          1280 
05:25:4846  15.0,            26.0,          872000.0 ,          0    ,           15.7,           32.2,            10.3,          166  ,          0    ,          1280 
05:25:4946  15.0,            25.8,          888000.0 ,          0    ,           18.3,           34.2,            12.7,          177  ,          0    ,          1920 
05:25:5046  15.0,            25.7,          1019999.0,          0    ,           17.3,           34.4,            12.0,          228  ,          0    ,          1920 
05:25:5146  15.0,            26.3,          1860000.0,          0    ,           15.2,           32.6,            10.7,          358  ,          0    ,          1920 
05:25:5246  15.0,            26.3,          1860000.0,          0    ,           15.1,           33.3,            10.5,          372  ,          0    ,          1920 
05:25:5346  15.0,            25.2,          764000.0 ,          0    ,           17.9,           33.4,            12.7,          330  ,          0    ,          1920 
05:25:5446  15.0,            26.4,          2080000.0,          0    ,           15.0,           32.6,            10.5,          415  ,          0    ,          1920 
05:25:5546  15.0,            26.5,          1639999.0,          0    ,           15.0,           33.4,            10.0,          349  ,          0    ,          1920 
05:25:5646  15.0,            26.1,          1730000.0,          0    ,           14.8,           34.1,            9.74,          354  ,          0    ,          1920 
05:25:5746  14.4,            24.8,          1650000.0,          0    ,           15.5,           32.5,            10.4,          555  ,          0    ,          1920 
05:25:5846  15.0,            25.7,          600000.0 ,          0    ,           19.7,           34.1,            13.7,          259  ,          0    ,          1920 
05:25:5946  15.0,            26.2,          1590000.0,          0    ,           14.5,           33.4,            10.1,          504  ,          0    ,          1920 
05:26:0046  15.0,            26.3,          1570000.0,          0    ,           14.4,           33.2,           10.00,          575  ,          0    ,          1920 
05:26:0146  15.0,            26.6,          1800000.0,          0    ,           15.4,           32.7,            10.4,          414  ,          0    ,          1920 
05:26:0246  15.0,            26.9,          2380000.0,          0    ,           9.74,           32.9,            5.28,          413  ,          0    ,          1920 
05:26:0346  15.0,            26.6,          2000000.0,          0    ,           5.26,           29.1,             0.0,          422  ,            3.3,          1920 
05:26:0446  15.0,            26.9,          2490000.0,          0    ,           4.28,           26.4,             0.0,          450  ,          0    ,          1920 
05:26:0546  15.0,            25.7,          589000.0 ,          0    ,           6.64,           27.5,            1.16,          175  ,          0    ,          1280 
05:26:0646  15.0,            25.6,          766000.0 ,          0    ,           4.76,           27.4,             0.0,          209  ,          0    ,          1280 
05:26:0746  15.0,            26.2,          809000.0 ,          0    ,           11.4,           29.9,            6.00,          144  ,          0    ,          1280 
05:26:0846  15.0,            26.0,          670000.0 ,          0    ,           15.8,           35.8,            11.0,          118  ,          0    ,          1280 
05:26:0946  15.0,            25.5,          832000.0 ,          0    ,           18.0,           32.7,            12.2,          199  ,          0    ,          1280 
05:26:1046  15.0,            25.6,          957000.0 ,          0    ,           18.9,           34.2,            13.0,          187  ,          0    ,          1280 
05:26:1146  15.0,            26.5,          1000000.0,          0    ,           15.2,           33.4,            10.4,          154  ,          0    ,          1280 
05:26:1246  15.0,            25.6,          609000.0 ,          0    ,           18.5,           33.2,            12.5,          121  ,          0    ,          1280 
05:26:1346  15.0,            25.4,          602000.0 ,          0    ,           17.3,           33.9,            12.2,          131  ,          0    ,          1280 
05:26:1446  15.0,            25.6,          1140000.0,          0    ,           17.0,           33.9,            12.0,          228  ,          0    ,          1280 
05:26:1546  15.0,            26.1,          417000.0 ,          0    ,           15.7,           33.0,            11.3,           66.9,          0    ,          1280 
05:26:1646  15.0,            26.6,          706000.0 ,          0    ,           13.5,           32.8,            8.87,          116  ,          0    ,          1280 
05:26:1746  15.0,            25.5,          985000.0 ,          0    ,           17.4,           33.3,            12.3,          226  ,          0    ,          1280 
05:26:1846  15.0,            25.7,          727000.0 ,          0    ,           18.7,           34.0,            13.1,          155  ,          0    ,          1280 
05:26:1946  13.8,            23.7,          1900000.0,          0    ,           14.4,           32.2,            10.1,          364  ,          0    ,          1280 
05:26:2046  15.0,            26.6,          2430000.0,          0    ,           13.8,           33.4,            9.05,          479  ,          0    ,          1280 
05:26:2146  13.8,            23.5,          1789999.0,          0    ,           14.2,           34.5,            9.33,          344  ,          0    ,          1280 
05:26:2246  15.0,            26.5,          2310000.0,          0    ,           11.0,           32.5,            6.29,          456  ,          0    ,          1280 
05:26:2346  15.0,            26.6,          1630000.0,          0    ,           13.5,           35.2,            9.26,          298  ,          0    ,          1280 
05:26:2446  15.0,            25.6,          544000.0 ,          0    ,           18.2,           34.5,            12.9,          235  ,          0    ,          1280 
05:26:2546  15.0,            26.3,          1720000.0,          0    ,           16.1,           34.1,            10.9,          381  ,          0    ,          1280 
05:26:2646  15.0,            26.6,          2360000.0,          0    ,           14.0,           33.0,            9.65,          438  ,          0    ,          1280 
05:26:2746  15.0,            26.1,          1280000.0,          0    ,           14.9,           34.0,            9.50,          247  ,          0    ,          1280 
05:26:2846  15.0,            24.0,          272000.0 ,          0    ,           19.3,           34.4,            13.5,          192  ,          0    ,          1280 
05:26:2946  15.0,            25.3,          417000.0 ,          0    ,           20.9,           33.9,            14.6,          179  ,          0    ,          1920 
05:26:3046  15.0,            26.1,          1010000.0,          0    ,           15.7,           34.7,            10.7,          176  ,          0    ,          1920 
05:26:3146  15.0,            26.9,          2089999.0,          0    ,           12.4,           32.9,            8.60,          408  ,          0    ,          1920 
05:26:3246  15.0,            26.4,          1500000.0,          0    ,           15.1,           33.9,            10.4,          311  ,          0    ,          1920 
05:26:3346  15.0,            27.0,          2900000.0,          0    ,           12.7,           33.2,            8.35,          523  ,          0    ,          1920 
05:26:3446  15.0,            26.4,          2220000.0,          0    ,           14.2,           33.1,            9.54,          406  ,          0    ,          1920 
05:26:3546  15.0,            25.5,          593000.0 ,          0    ,           18.6,           35.3,            12.5,          137  ,          0    ,          1920 
05:26:3646  15.0,            25.7,          709000.0 ,          0    ,           18.2,           34.1,            12.5,          146  ,          0    ,          1920 
05:26:3746  15.0,            26.0,          1060000.0,          0    ,           15.8,           33.8,            10.9,          180  ,          0    ,          1920 
05:26:3846  15.0,            25.8,          905000.0 ,          0    ,           17.3,           33.2,            12.1,          178  ,          0    ,          1920 
05:26:3946  15.0,            25.7,          1450000.0,          0    ,           17.2,           34.1,            11.9,          304  ,          0    ,          1920 
05:26:4046  15.0,            26.8,          2750000.0,          0    ,           13.2,           33.0,            8.71,          477  ,          0    ,          1920 
05:26:4146  15.0,            26.4,          1660000.0,          0    ,           14.9,           33.1,            10.2,          338  ,          0    ,          1920 
05:26:4246  15.0,            26.6,          2520000.0,          0    ,           13.5,           32.2,            9.28,          460  ,          0    ,          1920 
05:26:4346  15.0,            26.5,          2060000.0,          0    ,           14.0,           33.0,            9.35,          373  ,          0    ,          1920 
05:26:4446  15.0,            26.6,          2460000.0,          0    ,           13.9,           32.8,            9.42,          485  ,          0    ,          1920 
05:26:4546  15.0,            26.8,          2780000.0,          0    ,           12.8,           32.4,            8.73,          506  ,          0    ,          1280 
05:26:4646  15.0,            26.3,          1400000.0,          0    ,           15.3,           32.7,            10.2,          260  ,          0    ,          1280 
05:26:4746  15.0,            25.9,          1320000.0,          0    ,           16.2,           33.1,            10.9,          244  ,          0    ,          1280 
05:26:4846  15.0,            25.7,          783000.0 ,          0    ,           17.3,           33.0,            12.0,          159  ,          0    ,          1280 
05:26:4946  15.0,            26.1,          1060000.0,          0    ,           15.6,           32.5,            10.6,          196  ,          0    ,          1920 
05:26:5046  15.0,            25.8,          1050000.0,          0    ,           16.5,           33.4,            11.1,          236  ,          0    ,          1920 
05:26:5146  15.0,            26.4,          2140000.0,          0    ,           15.4,           33.8,            10.7,          362  ,          0    ,          1920 
05:26:5246  15.0,            27.0,          3050000.0,          0    ,           12.8,           32.2,            8.96,          527  ,          0    ,          1920 
05:26:5346  15.0,            26.5,          1630000.0,          0    ,           14.4,           32.9,            10.2,          325  ,          0    ,          1920 
05:26:5446  15.0,            26.0,          1230000.0,          0    ,           15.9,           33.6,            10.8,          328  ,          0    ,          1920 
05:26:5546  15.0,            26.4,          2260000.0,          0    ,           13.9,           33.2,            9.76,          446  ,          0    ,          1920 
05:26:5646  15.0,            26.6,          2010000.0,          0    ,           13.6,           33.0,            8.88,          373  ,          0    ,          1920 
05:26:5746  15.0,            26.0,          969000.0 ,          0    ,           15.0,           32.4,            10.4,          182  ,          0    ,          1920 
05:26:5846  15.0,            25.6,          444000.0 ,          0    ,           17.9,           33.8,            12.1,          196  ,          0    ,          1920 
05:26:5946  15.0,            26.6,          2110000.0,          0    ,           15.1,           32.9,            10.0,          494  ,          0    ,          1920 
05:27:0046  15.0,            26.6,          1730000.0,          0    ,           14.5,           32.7,            9.82,          319  ,          0    ,          1920 
05:27:0146  15.0,            26.7,          1950000.0,          0    ,           13.7,           32.6,            9.45,          520  ,          0    ,          1920 
05:27:0246  15.0,            26.0,          1260000.0,          0    ,           17.3,           33.5,            12.1,          317  ,          0    ,          1920 
05:27:0346  15.0,            25.5,          662000.0 ,          0    ,           17.9,           33.2,            12.3,          172  ,          0    ,          1920 
05:27:0446  15.0,            25.5,          886000.0 ,          0    ,           19.0,           34.5,            12.9,          202  ,          0    ,          1920 
05:27:0546  15.0,            25.7,          877999.0 ,          0    ,           19.1,           33.7,            12.9,          203  ,          0    ,          1920 
05:27:0646  15.0,            25.4,          542000.0 ,          0    ,           19.6,           34.2,            13.3,          130  ,          0    ,          1920 
05:27:0746  15.0,            25.9,          1590000.0,          0    ,           16.4,           33.5,            11.6,          348  ,          0    ,          1920 
05:27:0846  15.0,            26.3,          1920000.0,          0    ,           15.6,           32.9,            10.1,          388  ,          0    ,          1920 
05:27:0946  15.0,            26.2,          1689999.0,          0    ,           16.1,           33.5,            11.3,          344  ,          0    ,          1920 
05:27:1046  15.0,            26.7,          2540000.0,          0    ,           13.6,           32.2,            9.25,          446  ,          0    ,          1920 
05:27:1146  15.0,            26.5,          2230000.0,          0    ,           14.6,           33.6,           10.00,          406  ,          0    ,          1920 
05:27:1246  15.0,            26.7,          2620000.0,          0    ,           13.8,           32.1,            9.55,          450  ,          0    ,          1920 
05:27:1346  15.0,            26.8,          1570000.0,          0    ,           13.3,           33.6,            9.03,          292  ,          0    ,          1280 
05:27:1446  15.0,            25.7,          1050000.0,          0    ,           17.2,           33.7,            11.6,          219  ,          0    ,          1280 
05:27:1546  15.0,            25.8,          908000.0 ,          0    ,           17.7,           33.4,            11.6,          178  ,          0    ,          1280 
05:27:1646  15.0,            25.9,          691000.0 ,          0    ,           17.2,           34.6,            11.9,          132  ,          0    ,          1280 
05:27:1746  15.0,            25.9,          726000.0 ,          0    ,           17.3,           33.9,            11.8,          128  ,          0    ,          1920 
05:27:1846  15.0,            25.3,          865000.0 ,          0    ,           17.0,           34.3,            11.2,          200  ,          0    ,          1920 
05:27:1946  15.0,            26.8,          2500000.0,          0    ,           12.7,           34.2,            8.32,          447  ,          0    ,          1920 
05:27:2046  15.0,            26.8,          2710000.0,          0    ,           13.8,           33.0,            8.91,          514  ,          0    ,          1920 
05:27:2146  15.0,            25.9,          1550000.0,          0    ,           16.2,           34.2,            10.9,          329  ,          0    ,          1280 
05:27:2246  15.0,            26.8,          2540000.0,          0    ,           6.92,           32.3,            2.20,          566  ,          0    ,          1280 
05:27:2346  15.0,            8.00,          2.05     ,          0    ,           9.29,           27.5,            4.00,           6.48,          0    ,          1280 
05:27:2446  15.0,             0.0,          0.0      ,          0    ,           0.0 ,           0.0 ,            0.0 ,           0.0 ,          0    ,          1280 
05:27:2546  15.0,            24.3,          719      ,          0    ,           7.98,           28.0,            2.46,           82.9,          0    ,          1920 
05:27:2646  15.0,            25.5,          956000.0 ,          0    ,           6.68,           28.3,            1.38,          298  ,          0    ,          1920 
05:27:2746  15.0,            26.4,          1650000.0,          0    ,           6.59,           27.1,             0.0,          384  ,          0    ,          1920 
05:27:2846  15.0,            26.7,          2450000.0,          0    ,           6.55,           26.9,            1.06,          519  ,          0    ,          1920 
05:27:2946  15.0,            26.6,          2190000.0,          0    ,           4.01,           27.6,             0.0,          452  ,            7.4,          1920 
05:27:3046  15.0,            26.3,          1130000.0,          0    ,           12.2,           29.2,            7.87,          267  ,          0    ,          1920 
05:27:3146  14.4,            25.5,          2490000.0,          0    ,           10.7,           29.8,            5.85,          424  ,          0    ,          1920 
05:27:3246  15.0,            26.4,          1170000.0,            1.6,           8.44,           29.8,            3.26,          260  ,          0    ,          1920 
05:27:3346  15.0,            25.8,          1050000.0,          0    ,           4.97,           27.5,             0.0,          263  ,          0    ,          1920 
05:27:3446  15.0,            26.1,          790000.0 ,          0    ,           6.59,           27.4,            1.41,          207  ,          0    ,          1920 
05:27:3546  15.0,            26.4,          1780000.0,          0    ,           5.34,           27.2,             0.0,          433  ,          0    ,          1920 
05:27:3646  15.0,            26.6,          2400000.0,          0    ,           4.18,           28.4,             0.0,          520  ,          0    ,          1920 
05:27:3746  15.0,            26.4,          1630000.0,          0    ,           3.82,           28.2,             0.0,          360  ,            6.7,          1920 
05:27:3846  15.0,            26.6,          1360000.0,          0    ,           3.71,           29.4,             0.0,          283  ,            6.9,          1920 
05:27:3946  15.0,            26.8,          2790000.0,          0    ,           5.18,           27.8,             0.0,          561  ,          0    ,          1920 
05:27:4046  15.0,            26.3,          1920000.0,          0    ,           6.78,           27.0,            1.42,          438  ,          0    ,          1920 
05:27:4146  15.0,            22.7,          404      ,          0    ,           3.30,           28.7,            2.27,           13.3,          1    ,          1920 
05:27:4246  15.0,            25.8,          1030000.0,          0    ,           4.39,           29.3,             0.0,          256  ,            2.9,          1920 
05:27:4346  15.0,            26.5,          833000.0 ,          0    ,           7.50,           30.6,            3.71,          215  ,          0    ,          1920 
05:27:4446  15.0,            26.8,          2750000.0,          0    ,           9.61,           29.9,            4.06,          583  ,          0    ,          1920 
05:27:4546  15.0,            26.7,          2130000.0,          0    ,           10.6,           33.6,            5.99,          436  ,          0    ,          1920 
05:27:4646  15.0,            25.9,          693000.0 ,          0    ,           16.0,           34.1,            11.2,          142  ,          0    ,          1920 
05:27:4746  15.0,            26.2,          1450000.0,          0    ,           15.3,           34.5,            10.9,          268  ,          0    ,          1920 
05:27:4846  15.0,            26.5,          2430000.0,          0    ,           14.0,           33.4,            9.65,          453  ,          0    ,          1920 
05:27:4946  15.0,            26.3,          1010000.0,          0    ,           16.1,           34.5,            10.1,          197  ,          0    ,          1920 
05:27:5046  15.0,            25.8,          744000.0 ,          0    ,           15.9,           34.3,            10.7,          144  ,          0    ,          1920 
05:27:5146  15.0,            26.2,          1880000.0,          0    ,           14.6,           33.5,            9.56,          398  ,          0    ,          1920 
05:27:5246  15.0,            26.9,          2930000.0,          0    ,           13.6,           34.1,            8.80,          541  ,          0    ,          1920 
05:27:5346  15.0,            26.2,          851000.0 ,          0    ,           16.0,           33.9,            10.0,          186  ,          0    ,          1920 
05:27:5446  15.0,            8.00,          960      ,          0    ,           21.2,           34.0,            15.0,           8.53,          0    ,          1920 
05:27:5546  15.0,            25.9,          977999.0 ,          0    ,           15.8,           33.4,            11.1,          192  ,          0    ,          1920 
05:27:5646  15.0,            26.2,          1360000.0,          0    ,           15.3,           33.5,            9.67,          342  ,          0    ,          1920 
05:27:5746  15.0,            25.3,          827000.0 ,          0    ,           17.7,           34.6,            12.5,          236  ,          0    ,          1920 
05:27:5846  15.0,            26.1,          852000.0 ,          0    ,           15.0,           32.2,            9.55,          160  ,          0    ,          1920 
05:27:5946  15.0,            26.5,          1270000.0,          0    ,           15.2,           32.5,            9.63,          253  ,          0    ,          1920 
05:28:0046  15.0,            25.1,          515000.0 ,          0    ,           17.6,           35.0,            12.4,          293  ,          0    ,          1920 
05:28:0146  14.4,            23.0,          635000.0 ,          0    ,           12.8,           32.3,            8.83,          203  ,          0    ,          1920 
05:28:0246  15.0,            25.8,          1280000.0,          0    ,           14.5,           35.4,            9.88,          271  ,          0    ,          1920 
05:28:0346  15.0,            26.1,          1190000.0,          0    ,           15.7,           34.5,            10.4,          237  ,          0    ,          1920 
05:28:0446  15.0,            26.5,          836000.0 ,          0    ,           16.2,           33.2,            10.7,          155  ,          0    ,          1920 
05:28:0546  15.0,            25.9,          1540000.0,          0    ,           16.5,           33.8,            11.0,          323  ,          0    ,          1920 
05:28:0646  15.0,            26.3,          1810000.0,          0    ,           15.4,           33.1,            10.5,          340  ,          0    ,          1920 
05:28:0746  15.0,             0.0,          0.0      ,          0    ,           0.0 ,           0.0 ,            0.0 ,           0.0 ,          0    ,          1920 
05:28:0846  15.0,             0.0,          0.0      ,          0    ,           0.0 ,           0.0 ,            0.0 ,           0.0 ,          0    ,          1920 
05:28:0946  15.0,             0.0,          0.0      ,          0    ,           0.0 ,           0.0 ,            0.0 ,           0.0 ,          0    ,          1920 
05:28:1046  15.0,             0.0,          0.0      ,          0    ,           0.0 ,           0.0 ,            0.0 ,           0.0 ,          0    ,          1920 
05:28:1146  15.0,             0.0,          0.0      ,          0    ,           0.0 ,           0.0 ,            0.0 ,           0.0 ,          0    ,          1920 
05:28:1246  15.0,             0.0,          0.0      ,          0    ,           0.0 ,           0.0 ,            0.0 ,           0.0 ,          0    ,          1920 
05:28:1346  15.0,             0.0,          0.0      ,          0    ,           0.0 ,           0.0 ,            0.0 ,           0.0 ,          0    ,          1280 
05:28:1446  15.0,            6.00,          968      ,          0    ,           21.3,           34.0,            15.0,           8.53,          0    ,          1280 
05:28:1546  15.0,            26.4,          1000000.0,          0    ,           15.8,           32.7,            10.4,          191  ,          0    ,          1280 
05:28:1646  15.0,            26.8,          2640000.0,          0    ,           14.1,           32.4,            9.84,          419  ,          0    ,          1280 
05:28:1746  15.0,            26.1,          998000.0 ,          0    ,           15.1,           33.0,            10.3,          188  ,          0    ,          1920 
05:28:1846  15.0,            26.5,          2200000.0,          0    ,           14.7,           32.4,            9.89,          411  ,          0    ,          1920 
05:28:1946  15.0,            26.6,          721000.0 ,          0    ,           15.3,           33.3,            9.65,          123  ,          0    ,          1920 
05:28:2046  15.0,            6.00,          968      ,          0    ,           21.3,           34.0,            15.0,           12.8,          0    ,          1920 
05:28:2146  15.0,            5.75,          1.65     ,          0    ,           21.4,           34.0,            15.0,           21.3,          0    ,          1280 
05:28:2246  15.0,            8.00,          960      ,          0    ,           21.8,           34.0,            15.0,           8.53,          0    ,          1280 
05:28:2346  15.0,            26.5,          1470000.0,          0    ,           14.8,           32.7,            9.92,          253  ,          0    ,          1280 
05:28:2446  15.0,            26.8,          1520000.0,          0    ,           14.3,           32.6,            9.27,          258  ,          0    ,          1280 
05:28:2546  15.0,             0.0,          0.0      ,          0    ,           0.0 ,           0.0 ,            0.0 ,           0.0 ,          0    ,          1920 
05:28:2646  15.0,            6.25,          1.47     ,          0    ,           21.1,           34.0,            15.0,           17.1,          0    ,          1920 
05:28:2746  15.0,            24.3,          261000.0 ,          0    ,           19.7,           33.4,            14.4,          166  ,          0    ,          1920 
05:28:2846  15.0,            25.9,          1350000.0,          0    ,           17.6,           32.6,            12.2,          255  ,          0    ,          1920 
05:28:2946  15.0,            26.0,          1680000.0,          0    ,           15.7,           32.5,            10.7,          339  ,          0    ,          1920 
05:28:3046  15.0,            26.5,          1270000.0,          0    ,           16.2,           33.5,            10.8,          227  ,          0    ,          1920 
05:28:3146  15.0,            26.8,          2650000.0,          0    ,           13.9,           32.8,            9.33,          391  ,          0    ,          1920 
05:28:3246  15.0,             0.0,          56.0     ,          0    ,           20.7,           34.0,            15.0,           4.26,          0    ,          1920 
05:28:3346  15.0,             0.0,          0.0      ,          0    ,           0.0 ,           0.0 ,            0.0 ,           0.0 ,          0    ,          1920 
05:28:3446  15.0,            6.00,          968      ,          0    ,           21.2,           34.0,            15.0,           8.53,          0    ,          1920 
05:28:3546  15.0,            25.9,          999000.0 ,          0    ,           16.6,           33.3,            11.6,          190  ,          0    ,          1920 
05:28:3646  15.0,            26.5,          2110000.0,          0    ,           15.6,           33.1,            10.4,          355  ,          0    ,          1920 
05:28:3746  15.0,            26.2,          878999.0 ,          0    ,           16.0,           34.3,            11.2,          146  ,          0    ,          1920 
05:28:3846  15.0,            26.8,          2330000.0,          0    ,           14.6,           32.4,            9.48,          386  ,          0    ,          1920 
05:28:3946  15.0,             0.0,          0.0      ,          0    ,           0.0 ,           0.0 ,            0.0 ,           0.0 ,          0    ,          1920 
05:28:4046  15.0,             0.0,          0.0      ,          0    ,           0.0 ,           0.0 ,            0.0 ,           0.0 ,          0    ,          1920 
05:28:4146  15.0,             0.0,          0.0      ,          0    ,           0.0 ,           0.0 ,            0.0 ,           0.0 ,          0    ,          1920 
05:28:4246  15.0,            8.00,          960      ,          0    ,           21.5,           34.0,            15.0,           8.53,          0    ,          1920 
05:28:4346  15.0,            26.2,          1230000.0,          0    ,           15.6,           32.7,            10.7,          198  ,          0    ,          1920 
05:28:4446  15.0,            26.7,          2500000.0,          0    ,           15.1,           33.6,            10.5,          374  ,          0    ,          1920 
05:28:4546  15.0,            26.7,          274000.0 ,          0    ,           17.7,           32.3,            12.3,           61.4,          0    ,          1920 
05:28:4646  15.0,            6.00,          968      ,          0    ,           21.5,           34.0,            15.0,           8.53,          0    ,          1920 
05:28:4746  15.0,            26.6,          1420000.0,          0    ,           15.9,           33.2,            10.7,          225  ,          0    ,          1920 
05:28:4846  15.0,            26.8,          1860000.0,          0    ,           14.1,           32.5,            9.57,          286  ,          0    ,          1920 
05:28:4946  15.0,             0.0,          0.0      ,          0    ,           0.0 ,           0.0 ,            0.0 ,           0.0 ,          0    ,          1920 
05:28:5046  15.0,            8.00,          960      ,          0    ,           18.7,           34.0,            15.0,           8.53,          0    ,          1920 
05:28:5146  15.0,            26.4,          994000.0 ,          0    ,           15.5,           33.5,            10.5,          177  ,          0    ,          1920 
05:28:5246  15.0,            26.6,          2310000.0,          0    ,           14.6,           32.4,            9.55,          374  ,          0    ,          1920 
05:28:5346  15.0,             0.0,          0.0      ,          0    ,           0.0 ,           0.0 ,            0.0 ,           0.0 ,          0    ,          1920 
05:28:5446  15.0,            8.00,          960      ,          0    ,           21.5,           34.0,            15.0,           8.53,          0    ,          1920 
05:28:5546  15.0,            26.7,          1460000.0,          0    ,           15.1,           33.5,            10.5,          218  ,          0    ,          1920 
05:28:5646  15.0,            26.8,          1989999.0,          0    ,           14.3,           33.2,            9.46,          301  ,          0    ,          1920 
05:28:5746  15.0,             0.0,          0.0      ,          0    ,           0.0 ,           0.0 ,            0.0 ,           0.0 ,          0    ,          1920 
05:28:5846  15.0,            6.00,          968      ,          0    ,           21.4,           34.0,            15.0,           8.53,          0    ,          1920 
05:28:5946  15.0,            26.4,          1140000.0,          0    ,           15.2,           34.2,            10.3,          193  ,          0    ,          1920 
05:29:0046  15.0,            26.6,          1730000.0,          0    ,           14.7,           32.4,            9.31,          296  ,          0    ,          1920 
05:29:0146  15.0,            25.8,          798000.0 ,          0    ,           19.7,           34.4,            13.2,          206  ,          0    ,          1920 
05:29:0246  15.0,            25.7,          1470000.0,          0    ,           17.0,           32.7,            12.0,          285  ,          0    ,          1920 
05:29:0346  15.0,            26.2,          1070000.0,          0    ,           16.7,           33.1,            11.4,          191  ,          0    ,          1920 
05:29:0446  15.0,             0.0,          0.0      ,          0    ,           0.0 ,           0.0 ,            0.0 ,           0.0 ,          0    ,          1920 
05:29:0546  15.0,             0.0,          0.0      ,          0    ,           0.0 ,           0.0 ,            0.0 ,           0.0 ,          0    ,          1920 
05:29:0646  15.0,            6.00,          968      ,          0    ,           21.5,           34.0,            15.0,           8.53,          0    ,          1920 
05:29:0746  15.0,            26.5,          1270000.0,          0    ,           15.6,           34.5,            10.1,          222  ,          0    ,          1920 
05:29:0846  15.0,            26.9,          2720000.0,          0    ,           14.3,           32.9,            9.09,          428  ,          0    ,          1920 
05:29:0946  15.0,            26.6,          250999.07,          0    ,           17.3,           35.7,            10.9,           56.8,          0    ,          1920 
05:29:1046  15.0,            6.00,          968      ,          0    ,           21.5,           34.0,            15.0,           8.53,          0    ,          1920 
05:29:1146  15.0,            25.8,          642000.0 ,          0    ,           18.0,           33.3,            13.0,          268  ,          0    ,          1920 
05:29:1246  15.0,            25.8,          1420000.0,          0    ,           17.4,           33.0,            12.2,          301  ,          0    ,          1920 
05:29:1346  15.0,            25.9,          1150000.0,          0    ,           16.5,           33.0,            11.3,          232  ,          0    ,          1920 
05:29:1446  15.0,            26.5,          1930000.0,          0    ,           14.8,           32.7,            9.89,          348  ,          0    ,          1920 
05:29:1546  15.0,            26.9,          1510000.0,          0    ,           14.1,           32.6,            9.47,          244  ,          0    ,          1920 
05:29:1646  15.0,             0.0,          0.0      ,          0    ,           0.0 ,           0.0 ,            0.0 ,           0.0 ,          0    ,          1920 
05:29:1746  15.0,             0.0,          0.0      ,          0    ,           0.0 ,           0.0 ,            0.0 ,           0.0 ,          0    ,          1920 
05:29:1846  15.0,            6.00,          968      ,          0    ,           20.5,           34.0,            15.0,           8.53,          0    ,          1920 
05:29:1946  15.0,            25.9,          1100000.0,          0    ,           15.7,           33.1,            11.3,          201  ,          0    ,          1920 
05:29:2046  15.0,            26.4,          1880000.0,          0    ,           14.2,           33.0,            9.44,          390  ,          0    ,          1920 
05:29:2146  15.0,             0.0,          224      ,          0    ,           17.4,           35.2,            14.5,           16.9,          0    ,          1920 
05:29:2246  15.0,            12.6,          5.43     ,          0    ,           19.9,           32.5,            13.8,           21.2,          0    ,          1920 
05:29:2346  15.0,            24.1,          284      ,          0    ,           20.0,           36.0,            14.7,           12.5,          0    ,          1920 
05:29:2446  15.0,            26.7,          2160000.0,          0    ,           8.02,           28.4,            2.65,          395  ,          0    ,          1920 
05:29:2546  15.0,            26.6,          1300000.0,          0    ,           10.8,           28.6,            5.57,          233  ,          0    ,          1920 
05:29:2646  15.0,            26.7,          2480000.0,          0    ,           9.71,           29.9,            4.68,          445  ,          0    ,          1920 
05:29:2746  15.0,            26.7,          1510000.0,          0    ,           5.77,           28.5,             0.0,          288  ,          0    ,          1920 
05:29:2846  15.0,             0.0,          56.0     ,          0    ,           9.25,           24.0,            2.00,           2.02,          0    ,          1920 
05:29:2946  15.0,             0.0,          0.0      ,          0    ,           0.0 ,           0.0 ,            0.0 ,           0.0 ,          0    ,          1920 
05:29:3046  15.0,            6.00,          968      ,          0    ,           11.4,           25.5,            5.00,           8.76,          0    ,          1920 
05:29:3146  15.0,            26.5,          1019999.0,          0    ,           7.66,           26.0,            2.50,          222  ,          0    ,          1920 
05:29:3246  15.0,            26.7,          2250000.0,          0    ,           7.21,           25.3,            1.57,          470  ,          0    ,          1920 
05:29:3346  15.0,             0.0,          56.0     ,          0    ,           9.65,           24.0,            4.00,           3.24,          0    ,          1920 
05:29:3446  15.0,            6.00,          968      ,          0    ,           10.5,           24.0,            5.00,           8.76,          0    ,          1920 
05:29:3546  15.0,            26.6,          1570000.0,          0    ,           7.87,           24.4,            2.85,          312  ,          0    ,          1920 
05:29:3646  15.0,            26.8,          1390000.0,          0    ,           7.29,           24.5,            2.16,          262  ,          0    ,          1920 
05:29:3746  15.0,             0.0,          0.0      ,          0    ,           0.0 ,           0.0 ,            0.0 ,           0.0 ,          0    ,          1920 
05:29:3846  15.0,            6.00,          968      ,          0    ,           11.9,           25.0,            8.00,           8.66,          0    ,          1920 
05:29:3946  15.0,            26.5,          1420000.0,          0    ,           7.89,           24.1,            2.80,          271  ,          0    ,          1920 
05:29:4046  15.0,            26.7,          2120000.0,          0    ,           7.42,           25.0,            2.02,          427  ,          0    ,          1920 
05:29:4146  15.0,             0.0,          0.0      ,          0    ,           0.0 ,           0.0 ,            0.0 ,           0.0 ,          0    ,          1920 
05:29:4246  15.0,            6.00,          968      ,          0    ,           11.8,           24.0,            8.00,           8.66,          0    ,          1920 
05:29:4346  15.0,            26.6,          1350000.0,          0    ,           8.80,           24.0,            3.23,          273  ,          0    ,          1920 
05:29:4446  15.0,            26.9,          2140000.0,          0    ,           8.20,           24.2,            2.66,          441  ,          0    ,          1920 
05:29:4546  15.0,             0.0,          0.0      ,          0    ,           0.0 ,           0.0 ,            0.0 ,           0.0 ,          0    ,          1920 
05:29:4646  15.0,            8.00,          960      ,          0    ,           11.6,           28.0,            8.00,           8.66,          0    ,          1920 
05:29:4746  15.0,            26.5,          1300000.0,          0    ,           8.44,           24.9,            3.16,          277  ,          0    ,          1920 
05:29:4846  15.0,            26.8,          1970000.0,          0    ,           8.12,           24.8,            2.72,          397  ,          0    ,          1920 
05:29:4946  15.0,            26.4,          1470000.0,          0    ,           8.41,           25.1,            3.34,          310  ,          0    ,          1920 
05:29:5046  15.0,            26.7,          1710000.0,          0    ,           7.98,           23.8,            2.47,          321  ,          0    ,          1920 
05:29:5146  15.0,             0.0,          0.0      ,          0    ,           0.0 ,           0.0 ,            0.0 ,           0.0 ,          0    ,          1920 
05:29:5246  15.0,             0.0,          0.0      ,          0    ,           0.0 ,           0.0 ,            0.0 ,           0.0 ,          0    ,          1920 
05:29:5346  15.0,             0.0,          0.0      ,          0    ,           0.0 ,           0.0 ,            0.0 ,           0.0 ,          0    ,          1920 
05:29:5446  15.0,            6.00,          968      ,          0    ,           11.7,           26.0,            9.00,           8.53,          0    ,          1920 
05:29:5546  15.0,            26.6,          1510000.0,          0    ,           8.87,           23.8,            3.07,          321  ,          0    ,          1920 
05:29:5646  15.0,            26.9,          2480000.0,          0    ,           8.02,           23.5,            2.59,          503  ,          0    ,          1920 
05:29:5746  15.0,             0.0,          0.0      ,          0    ,           0.0 ,           0.0 ,            0.0 ,           0.0 ,          0    ,          1920 
05:29:5846  15.0,            8.00,          960      ,          0    ,           12.4,           26.0,            9.00,           8.53,          0    ,          1920 
05:29:5946  15.0,            26.3,          1240000.0,          0    ,           9.57,           23.8,            4.07,          314  ,          0    ,          1920 
05:30:0046  15.0,            26.7,          2380000.0,          0    ,           8.80,           24.1,            3.26,          470  ,          0    ,          1920 
05:30:0146  15.0,             0.0,          56.0     ,          0    ,           13.3,           25.0,            11.0,           4.26,          0    ,          1920 
05:30:0246  15.0,            6.00,          968      ,          0    ,           12.8,           27.0,            9.00,           8.53,          0    ,          1920 
05:30:0346  15.0,             0.0,          0.0      ,          0    ,           0.0 ,           0.0 ,            0.0 ,           0.0 ,          0    ,          1920 
05:30:0446  15.0,             0.0,          0.0      ,          0    ,           0.0 ,           0.0 ,            0.0 ,           0.0 ,          0    ,          1920 
05:30:0546  15.0,             0.0,          0.0      ,          0    ,           0.0 ,           0.0 ,            0.0 ,           0.0 ,          0    ,          1920 
05:30:0646  15.0,             0.0,          0.0      ,          0    ,           0.0 ,           0.0 ,            0.0 ,           0.0 ,          0    ,          1920 
05:30:0746  15.0,             0.0,          0.0      ,          0    ,           0.0 ,           0.0 ,            0.0 ,           0.0 ,          0    ,          1920 
05:30:0846  15.0,             0.0,          0.0      ,          0    ,           0.0 ,           0.0 ,            0.0 ,           0.0 ,          0    ,          1920 
05:30:0946  15.0,            24.2,          173000.0 ,          0    ,           11.4,           24.6,            6.32,          139  ,          0    ,          1920 
05:30:1046  15.0,            25.7,          1210000.0,          0    ,           9.65,           24.0,            4.15,          294  ,          0    ,          1920 
05:30:1146  15.0,            26.2,          1989999.0,          0    ,           8.77,           24.9,            3.66,          378  ,          0    ,          1920 
05:30:1246  15.0,            26.1,          823000.0 ,          0    ,           9.51,           25.2,            4.68,          188  ,          0    ,          1920 
05:30:1346  15.0,            26.8,          2560000.0,          0    ,           8.26,           23.2,            2.81,          450  ,          0    ,          1920 
05:30:1446  15.0,            26.0,          884000.0 ,          0    ,           9.14,           25.1,            4.13,          208  ,          0    ,          1920 
05:30:1546  15.0,            26.6,          2260000.0,          0    ,           8.95,           23.7,            3.30,          447  ,          0    ,          1920 
05:30:1646  15.0,            26.6,          1140000.0,          0    ,           8.86,           23.8,            3.68,          242  ,          0    ,          1920 
05:30:1746  15.0,            26.5,          2010000.0,          0    ,           8.66,           24.1,            3.23,          373  ,          0    ,          1920 
05:30:1846  15.0,            26.3,          1370000.0,          0    ,           9.27,           24.1,            3.74,          318  ,          0    ,          1920 
05:30:1946  15.0,            26.7,          2580000.0,          0    ,           8.64,           23.5,            3.07,          473  ,          0    ,          1920 
05:30:2046  15.0,            22.3,          359      ,          0    ,           10.6,           28.0,            6.83,           22.6,          0    ,          1920 
05:30:2146  15.0,             0.0,          0.0      ,          0    ,           0.0 ,           0.0 ,            0.0 ,           0.0 ,          0    ,          1920 
05:30:2246  15.0,            8.00,          960      ,          0    ,           12.4,           26.0,            9.00,           8.53,          0    ,          1920 
05:30:2346  15.0,            26.4,          1210000.0,          0    ,           9.59,           24.1,            4.00,          274  ,          0    ,          1920 
05:30:2446  15.0,            26.7,          2020000.0,          0    ,           9.17,           23.7,            3.53,          436  ,          0    ,          1920 
05:30:2546  15.0,             0.0,          0.0      ,          0    ,           0.0 ,           0.0 ,            0.0 ,           0.0 ,          0    ,          1920 
05:30:2646  15.0,            6.00,          968      ,          0    ,           12.9,           26.0,            9.00,           8.53,          0    ,          1920 
05:30:2746  15.0,            26.6,          1380000.0,          0    ,           9.18,           26.1,            3.47,          272  ,          0    ,          1920 
05:30:2846  15.0,            26.8,          1830000.0,          0    ,           8.82,           24.3,            3.23,          342  ,          0    ,          1920 
05:30:2946  15.0,             0.0,          0.0      ,          0    ,           0.0 ,           0.0 ,            0.0 ,           0.0 ,          0    ,          1920 
05:30:3046  15.0,            8.00,          960      ,          0    ,           13.2,           26.0,            9.00,           8.53,          0    ,          1920 
05:30:3146  15.0,            26.4,          1170000.0,          0    ,           9.45,           23.7,            3.93,          254  ,          0    ,          1920 
05:30:3246  15.0,            26.8,          2060000.0,          0    ,           8.67,           23.9,            3.18,          394  ,          0    ,          1920 
05:30:3346  15.0,             0.0,          0.0      ,          0    ,           0.0 ,           0.0 ,            0.0 ,           0.0 ,          0    ,          1920 
05:30:3446  15.0,            6.00,          968      ,          0    ,           13.9,           25.5,           10.00,           8.53,          0    ,          1920 
05:30:3546  15.0,            26.6,          1380000.0,          0    ,           8.50,           25.3,            3.40,          301  ,          0    ,          1920 
05:30:3646  15.0,            26.7,          1960000.0,          0    ,           8.01,           29.6,            2.92,          405  ,          0    ,          1920 
05:30:3746  15.0,            26.6,          1070000.0,          0    ,           10.5,           32.9,            6.24,          171  ,          0    ,          1920 
05:30:3846  15.0,            26.7,          2280000.0,          0    ,           8.80,           30.4,            3.52,          453  ,          0    ,          1920 
05:30:3946  15.0,             0.0,          0.0      ,          0    ,           0.0 ,           0.0 ,            0.0 ,           0.0 ,          0    ,          1920 
05:30:4046  15.0,            7.00,          800      ,          0    ,           20.8,           34.0,            13.0,           8.53,          0    ,          1920 
05:30:4146  15.0,             0.0,          0.0      ,          0    ,           0.0 ,           0.0 ,            0.0 ,           0.0 ,          0    ,          1920 
05:30:4246  15.0,            6.00,          968      ,          0    ,           20.6,           34.0,            15.0,           12.8,          0    ,          1920 
05:30:4346  15.0,            26.5,          1380000.0,          0    ,           14.7,           33.3,            9.26,          281  ,          0    ,          1920 
05:30:4446  15.0,            26.8,          2280000.0,          0    ,           14.3,           34.5,            9.04,          375  ,          0    ,          1920 
05:30:4546  15.0,             0.0,          0.0      ,          0    ,           0.0 ,           0.0 ,            0.0 ,           0.0 ,          0    ,          1920 
05:30:4646  15.0,            6.00,          968      ,          0    ,           21.2,           34.0,            15.0,           8.53,          0    ,          1920 
05:30:4746  15.0,            26.3,          1230000.0,          0    ,           16.1,           34.2,            11.0,          231  ,          0    ,          1920 
05:30:4846  15.0,            26.8,          2290000.0,          0    ,           14.4,           32.8,            9.08,          398  ,          0    ,          1920 
05:30:4946  15.0,             0.0,          56.0     ,          0    ,            0.0,            0.0,             0.0,            0.0,          0    ,          1920 
05:30:5046  15.0,            8.00,          960      ,          0    ,           21.1,           34.0,            15.0,           8.53,          0    ,          1920 
05:30:5146  15.0,            26.6,          940000.0 ,          0    ,           16.0,           33.4,            10.6,          176  ,          0    ,          1920 
05:30:5246  15.0,            26.7,          2710000.0,          0    ,           15.2,           33.7,            9.70,          437  ,          0    ,          1920 
05:30:5346  15.0,             0.0,          56.0     ,          0    ,           22.0,            0.0,            15.0,           4.26,          0    ,          1920 
05:30:5446  15.0,            8.00,          960      ,          0    ,           20.2,           34.0,            15.0,           8.53,          0    ,          1920 
05:30:5546  15.0,            26.5,          1450000.0,          0    ,           15.2,           33.2,            9.69,          278  ,          0    ,          1920 
05:30:5646  15.0,            26.8,          1570000.0,          0    ,           14.8,           32.4,            9.34,          233  ,          0    ,          1920 
05:30:5746  15.0,             0.0,          0.0      ,          0    ,           0.0 ,           0.0 ,            0.0 ,           0.0 ,          0    ,          1920 
05:30:5846  15.0,            6.00,          968      ,          0    ,           20.8,           34.0,            15.0,           8.53,          0    ,          1920 
05:30:5946  15.0,            26.5,          1300000.0,          0    ,           15.8,           34.7,            10.7,          241  ,          0    ,          1920 
05:31:0046  15.0,            26.9,          2500000.0,          0    ,           14.3,           33.7,            9.33,          430  ,          0    ,          1920 
05:31:0146  15.0,             0.0,          56.0     ,          0    ,           21.4,           34.0,            15.0,           4.26,          0    ,          1920 
05:31:0246  15.0,            8.00,          960      ,          0    ,           18.1,           36.0,            15.0,           8.53,          0    ,          1920 
05:31:0346  15.0,            26.5,          1400000.0,          0    ,           14.7,           32.6,            9.90,          259  ,          0    ,          1920 
05:31:0446  15.0,            26.8,          2290000.0,          0    ,           13.8,           33.6,            8.95,          356  ,          0    ,          1920 
05:31:0546  15.0,             0.0,          0.0      ,          0    ,           0.0 ,           0.0 ,            0.0 ,           0.0 ,          0    ,          1920 
05:31:0646  15.0,            5.33,          1.02     ,          0    ,           12.3,           28.5,            11.0,           8.66,          0    ,          1920 
05:31:0746  15.0,            26.7,          1590000.0,          0    ,           8.61,           26.7,            3.50,          323  ,          0    ,          1920 
05:31:0846  15.0,            26.8,          1889999.0,          0    ,           8.99,           24.8,            3.40,          340  ,          0    ,          1920 
05:31:0946  15.0,             0.0,          0.0      ,          0    ,           0.0 ,           0.0 ,            0.0 ,           0.0 ,          0    ,          1920 
05:31:1046  15.0,            8.00,          960      ,          0    ,           15.2,           28.0,            11.0,           8.53,          0    ,          1920 
05:31:1146  15.0,            26.5,          1160000.0,          0    ,           11.6,           33.4,            6.32,          205  ,          0    ,          1920 
05:31:1246  15.0,            26.8,          1639999.0,          0    ,           13.3,           34.4,            8.00,          278  ,          0    ,          1920 
05:31:1346  15.0,             0.0,          0.0      ,          0    ,           0.0 ,           0.0 ,            0.0 ,           0.0 ,          0    ,          1920 
05:31:1446  15.0,            6.00,          968      ,          0    ,           20.9,           34.0,            15.0,           8.53,          0    ,          1920 
05:31:1546  14.4,            24.5,          1380000.0,          0    ,           15.6,           33.6,            10.5,          238  ,          0    ,          1920 
05:31:1646  15.0,            26.8,          2590000.0,          0    ,           15.4,           33.6,            9.94,          436  ,          0    ,          1920 
05:31:1746  15.0,             0.0,          56.0     ,          0    ,           20.9,           34.0,            15.0,           4.26,          0    ,          1920 
05:31:1846  15.0,            6.00,          968      ,          0    ,           21.7,           34.0,            15.0,           8.53,          0    ,          1920 
05:31:1946  15.0,            26.5,          1510000.0,          0    ,           16.2,           32.7,            10.4,          256  ,          0    ,          1920 
05:31:2046  15.0,            26.9,          1980000.0,          0    ,           14.0,           32.2,            8.99,          342  ,          0    ,          1920 
05:31:2146  15.0,             0.0,          0.0      ,          0    ,           0.0 ,           0.0 ,            0.0 ,           0.0 ,          0    ,          1920 
05:31:2246  15.0,            8.00,          960      ,          0    ,           21.8,           34.0,            15.0,           8.53,          0    ,          1920 
05:31:2346  15.0,            26.6,          1460000.0,          0    ,           16.5,           33.2,            10.7,          238  ,          0    ,          1920 
05:31:2446  15.0,            26.7,          1780000.0,          0    ,           14.6,           32.8,            9.50,          286  ,          0    ,          1920 
05:31:2546  15.0,             0.0,          0.0      ,          0    ,           0.0 ,           0.0 ,            0.0 ,           0.0 ,          0    ,          1920 
05:31:2646  15.0,            8.00,          960      ,          0    ,           21.4,           34.0,            15.0,           8.53,          0    ,          1920 
05:31:2746  15.0,            26.4,          1340000.0,          0    ,           15.4,           33.3,            11.1,          217  ,          0    ,          1920 
05:31:2846  15.0,            26.8,          1739999.0,          0    ,           14.6,           33.1,            10.1,          270  ,          0    ,          1920 
05:31:2946  15.0,             0.0,          0.0      ,          0    ,           0.0 ,           0.0 ,            0.0 ,           0.0 ,          0    ,          1920 
05:31:3046  15.0,            6.00,          968      ,          0    ,           21.3,           34.0,            15.0,           12.8,          0    ,          1920 
05:31:3146  15.0,            25.9,          713000.0 ,          0    ,           17.0,           33.5,            11.9,          150  ,          0    ,          1920 
05:31:3246  15.0,            26.8,          2480000.0,          0    ,           14.8,           32.4,            9.60,          430  ,          0    ,          1920 
05:31:3346  15.0,            26.5,          1220000.0,          0    ,           15.1,           33.4,            9.98,          208  ,          0    ,          1920 
05:31:3446  15.0,            26.9,          2640000.0,          0    ,           14.2,           32.4,            9.46,          397  ,          0    ,          1920 
05:31:3546  15.0,            26.7,          344000.0 ,          0    ,           14.3,           32.7,            9.13,           68.1,          0    ,          1920 
05:31:3646  15.0,             0.0,          0.0      ,          0    ,           0.0 ,           0.0 ,            0.0 ,           0.0 ,          0    ,          1920 
05:31:3746  15.0,             0.0,          0.0      ,          0    ,           0.0 ,           0.0 ,            0.0 ,           0.0 ,          0    ,          1920 
05:31:3846  15.0,            6.00,          968      ,          0    ,           20.8,           34.0,            15.0,           8.53,          0    ,          1920 
05:31:3946  15.0,            26.7,          1470000.0,          0    ,           15.7,           34.2,            10.8,          240  ,          0    ,          1920 
05:31:4046  15.0,            26.7,          1100000.0,          0    ,           14.9,           33.1,            9.86,          181  ,          0    ,          1920 
05:31:4146  15.0,             0.0,          0.0      ,          0    ,           0.0 ,           0.0 ,            0.0 ,           0.0 ,          0    ,          1920 
05:31:4246  15.0,            8.00,          960      ,          0    ,           21.4,           34.0,            15.0,           8.53,          0    ,          1920 
05:31:4346  15.0,            26.6,          1320000.0,          0    ,           15.4,           32.8,            10.7,          228  ,          0    ,          1920 
05:31:4446  15.0,            26.8,          1980000.0,          0    ,           14.8,           33.1,            9.77,          324  ,          0    ,          1920 
05:31:4546  15.0,            23.9,          181000.0 ,          0    ,           20.5,           33.8,            14.3,          125  ,          0    ,          1920 
05:31:4646  15.0,            25.5,          1050000.0,          0    ,           17.9,           33.6,            12.7,          234  ,          0    ,          1920 
05:31:4746  15.0,            26.0,          1750000.0,          0    ,           15.8,           32.8,            11.1,          321  ,          0    ,          1920 
05:31:4846  15.0,            26.2,          423000.0 ,          0    ,           14.9,           32.2,            10.1,           91.0,          0    ,          1920 
05:31:4946  15.0,             0.0,          0.0      ,          0    ,           0.0 ,           0.0 ,            0.0 ,           0.0 ,          0    ,          1920 
05:31:5046  15.0,            6.00,          968      ,          0    ,           21.2,           34.0,            15.0,           8.53,          0    ,          1920 
05:31:5146  13.8,            22.1,          940000.0 ,          0    ,           15.3,           32.3,            10.6,          198  ,          0    ,          1920 
05:31:5246  15.0,            26.4,          2590000.0,          0    ,           13.9,           31.9,            8.93,          428  ,          0    ,          1920 
05:31:5346  15.0,            26.3,          719000.0 ,          0    ,           15.2,           33.5,            10.4,          141  ,          0    ,          1920 
05:31:5446  14.4,            24.8,          1939999.0,          0    ,           14.4,           32.2,            9.79,          384  ,          0    ,          1920 
05:31:5546  15.0,            26.6,          1400000.0,          0    ,           14.7,           32.3,            9.37,          260  ,          0    ,          1920 
05:31:5646  15.0,             0.0,          0.0      ,          0    ,           0.0 ,           0.0 ,            0.0 ,           0.0 ,          0    ,          1920 
05:31:5746  15.0,             0.0,          0.0      ,          0    ,           0.0 ,           0.0 ,            0.0 ,           0.0 ,          0    ,          1920 
05:31:5846  15.0,            8.00,          960      ,          0    ,           21.0,           34.0,            15.0,           8.53,          0    ,          1920 
05:31:5946  15.0,            26.5,          1350000.0,          0    ,           15.6,           32.7,            9.74,          269  ,          0    ,          1920 
05:32:0046  15.0,            26.8,          2089999.0,          0    ,           14.3,           32.9,            9.18,          357  ,          0    ,          1920 
05:32:0146  15.0,             0.0,          0.0      ,          0    ,           0.0 ,           0.0 ,            0.0 ,           0.0 ,          0    ,          1920 
05:32:0246  15.0,            6.00,          968      ,          0    ,           21.0,           34.0,            15.0,           8.53,          0    ,          1920 
05:32:0346  13.2,            20.4,          1010000.0,          0    ,           16.6,           33.9,            11.8,          194  ,          0    ,          1920 
05:32:0446  14.4,            25.3,          2150000.0,          0    ,           15.1,           33.4,            9.61,          396  ,          0    ,          1920 
05:32:0546  15.0,             0.0,          0.0      ,          0    ,          21.5 ,          34.0 ,           15.0 ,          4.26 ,          0    ,          1920 
05:32:0646  15.0,            8.00,          960      ,          0    ,           21.3,           34.0,            15.0,           8.53,          0    ,          1920 
05:32:0746  13.2,            20.1,          1080000.0,          0    ,           16.0,           33.0,            10.3,          210  ,          0    ,          1920 
05:32:0846  15.0,            26.8,          1820000.0,          0    ,           15.3,           33.7,            9.73,          303  ,          0    ,          1920 
05:32:0946  15.0,             0.0,          0.0      ,          0    ,           0.0 ,           0.0 ,            0.0 ,           0.0 ,          0    ,          1920 
05:32:1046  15.0,            8.00,          960      ,          0    ,           21.5,           34.0,            15.0,           8.53,          0    ,          1920 
05:32:1146  15.0,            26.3,          1350000.0,          0    ,           16.1,           32.8,            11.3,          261  ,          0    ,          1920 
05:32:1246  15.0,            26.7,          2220000.0,          0    ,           15.1,           32.5,            9.64,          434  ,          0    ,          1920 
05:32:1346  15.0,            26.5,          1230000.0,          0    ,           15.7,           32.9,            10.5,          217  ,          0    ,          1920 
05:32:1446  15.0,            26.9,          2010000.0,          0    ,           15.1,           33.4,            9.45,          349  ,          0    ,          1920 
05:32:1546  15.0,             0.0,          0.0      ,          0    ,           0.0 ,           0.0 ,            0.0 ,           0.0 ,          0    ,          1920 
05:32:1646  15.0              0.0           0.0                 0                0.0             0.0              0.0             0.0            0               1920 
